0 1
0.02002 0.999419
0.04004 0.997687
0.0600601 0.99483
0.0800801 0.990872
0.1001 0.985839
0.12012 0.979757
0.14014 0.972656
0.16016 0.964562
0.18018 0.955503
0.2002 0.945511
0.22022 0.934613
0.24024 0.92284
0.26026 0.910224
0.28028 0.896794
0.3003 0.882583
0.32032 0.867621
0.34034 0.851941
0.36036 0.835575
0.38038 0.818556
0.4004 0.800914
0.42042 0.782683
0.44044 0.763896
0.46046 0.744584
0.48048 0.72478
0.5005 0.704517
0.52052 0.683827
0.54054 0.662742
0.56056 0.641294
0.58058 0.619514
0.6006 0.597435
0.62062 0.575086
0.64064 0.5525
0.66066 0.529707
0.68068 0.506736
0.7007 0.483618
0.72072 0.460382
0.74074 0.437058
0.76076 0.413672
0.78078 0.390255
0.800801 0.366832
0.820821 0.34343
0.840841 0.320077
0.860861 0.296798
0.880881 0.273618
0.900901 0.250561
0.920921 0.227652
0.940941 0.204914
0.960961 0.18237
0.980981 0.16004
1.001 0.137948
1.02102 0.116113
1.04104 0.0945549
1.06106 0.0732934
1.08108 0.0523467
1.1011 0.0317326
1.12112 0.0114681
1.14114 -0.0084306
1.16116 -0.0279479
1.18118 -0.0470691
1.2012 -0.06578
1.22122 -0.0840675
1.24124 -0.101919
1.26126 -0.119322
1.28128 -0.136267
1.3013 -0.152742
1.32132 -0.168739
1.34134 -0.184248
1.36136 -0.199261
1.38138 -0.213771
1.4014 -0.227771
1.42142 -0.241255
1.44144 -0.254217
1.46146 -0.266654
1.48148 -0.278561
1.5015 -0.289936
1.52152 -0.300775
1.54154 -0.311076
1.56156 -0.320839
1.58158 -0.330062
1.6016 -0.338746
1.62162 -0.346891
1.64164 -0.354499
1.66166 -0.36157
1.68168 -0.368109
1.7017 -0.374116
1.72172 -0.379596
1.74174 -0.384553
1.76176 -0.38899
1.78178 -0.392914
1.8018 -0.396329
1.82182 -0.399241
1.84184 -0.401657
1.86186 -0.403583
1.88188 -0.405026
1.9019 -0.405994
1.92192 -0.406494
1.94194 -0.406536
1.96196 -0.406128
1.98198 -0.405277
2.002 -0.403995
2.02202 -0.40229
2.04204 -0.400172
2.06206 -0.397651
2.08208 -0.394738
2.1021 -0.391443
2.12212 -0.387777
2.14214 -0.38375
2.16216 -0.379375
2.18218 -0.374661
2.2022 -0.369622
2.22222 -0.364267
2.24224 -0.358609
2.26226 -0.35266
2.28228 -0.346432
2.3023 -0.339936
2.32232 -0.333184
2.34234 -0.32619
2.36236 -0.318963
2.38238 -0.311517
2.4024 -0.303864
2.42242 -0.296016
2.44244 -0.287985
2.46246 -0.279783
2.48248 -0.271421
2.5025 -0.262912
2.52252 -0.254268
2.54254 -0.2455
2.56256 -0.23662
2.58258 -0.227639
2.6026 -0.218569
2.62262 -0.209422
2.64264 -0.200207
2.66266 -0.190937
2.68268 -0.181622
2.7027 -0.172273
2.72272 -0.1629
2.74274 -0.153514
2.76276 -0.144125
2.78278 -0.134742
2.8028 -0.125376
2.82282 -0.116037
2.84284 -0.106732
2.86286 -0.0974726
2.88288 -0.0882665
2.9029 -0.0791225
2.92292 -0.0700492
2.94294 -0.0610548
2.96296 -0.0521472
2.98298 -0.0433342
3.003 -0.0346233
3.02302 -0.0260217
3.04304 -0.0175364
3.06306 -0.00917417
3.08308 -0.000941465
3.1031 0.00715547
3.12312 0.0151107
3.14314 0.0229184
3.16316 0.0305732
3.18318 0.0380699
3.2032 0.0454035
3.22322 0.0525694
3.24324 0.0595631
3.26326 0.0663804
3.28328 0.0730175
3.3033 0.0794707
3.32332 0.0857366
3.34334 0.0918119
3.36336 0.0976939
3.38338 0.10338
3.4034 0.108867
3.42342 0.114154
3.44344 0.119238
3.46346 0.124118
3.48348 0.128793
3.5035 0.13326
3.52352 0.137519
3.54354 0.14157
3.56356 0.145411
3.58358 0.149042
3.6036 0.152464
3.62362 0.155676
3.64364 0.158678
3.66366 0.161472
3.68368 0.164056
3.7037 0.166434
3.72372 0.168605
3.74374 0.170571
3.76376 0.172333
3.78378 0.173892
3.8038 0.175251
3.82382 0.176412
3.84384 0.177375
3.86386 0.178144
3.88388 0.178722
3.9039 0.179109
3.92392 0.17931
3.94394 0.179326
3.96396 0.179161
3.98398 0.178817
4.004 0.178298
4.02402 0.177608
4.04404 0.176748
4.06406 0.175723
4.08408 0.174537
4.1041 0.173192
4.12412 0.171693
4.14414 0.170043
4.16416 0.168246
4.18418 0.166307
4.2042 0.164229
4.22422 0.162015
4.24424 0.159671
4.26426 0.157201
4.28428 0.154608
4.3043 0.151897
4.32432 0.149072
4.34434 0.146138
4.36436 0.143099
4.38438 0.139959
4.4044 0.136722
4.42442 0.133394
4.44444 0.129978
4.46446 0.126479
4.48448 0.122902
4.5045 0.11925
4.52452 0.115529
4.54454 0.111742
4.56456 0.107895
4.58458 0.103991
4.6046 0.100035
4.62462 0.0960317
4.64464 0.091985
4.66466 0.0878993
4.68468 0.083779
4.7047 0.0796284
4.72472 0.0754516
4.74474 0.0712529
4.76476 0.0670364
4.78478 0.0628063
4.8048 0.0585667
4.82482 0.0543214
4.84484 0.0500746
4.86486 0.0458301
4.88488 0.0415919
4.9049 0.0373636
4.92492 0.0331491
4.94494 0.0289521
4.96496 0.0247761
4.98498 0.0206247
5.005 0.0165015
5.02502 0.0124098
5.04504 0.00835303
5.06506 0.00433443
5.08508 0.000357226
5.1051 -0.00357545
5.12512 -0.00746054
5.14514 -0.0112951
5.16516 -0.0150761
5.18518 -0.0188008
5.2052 -0.0224665
5.22522 -0.0260705
5.24524 -0.0296102
5.26526 -0.0330831
5.28528 -0.0364868
5.3053 -0.0398189
5.32532 -0.0430773
5.34534 -0.0462597
5.36536 -0.049364
5.38538 -0.0523884
5.4054 -0.0553309
5.42542 -0.0581896
5.44544 -0.0609629
5.46546 -0.0636491
5.48548 -0.0662467
5.5055 -0.0687542
5.52552 -0.0711702
5.54554 -0.0734935
5.56556 -0.0757228
5.58558 -0.0778571
5.6056 -0.0798953
5.62562 -0.0818366
5.64564 -0.08368
5.66566 -0.0854248
5.68568 -0.0870703
5.7057 -0.0886161
5.72572 -0.0900615
5.74574 -0.0914062
5.76576 -0.0926498
5.78578 -0.0937922
5.8058 -0.0948332
5.82582 -0.0957726
5.84584 -0.0966106
5.86586 -0.0973473
5.88588 -0.0979828
5.9059 -0.0985173
5.92592 -0.0989514
5.94594 -0.0992853
5.96596 -0.0995196
5.98598 -0.0996548
6.006 -0.0996917
6.02602 -0.099631
6.04604 -0.0994734
6.06606 -0.09922
6.08608 -0.0988716
6.1061 -0.0984293
6.12612 -0.0978941
6.14614 -0.0972674
6.16616 -0.0965502
6.18618 -0.095744
6.2062 -0.0948501
6.22622 -0.0938699
6.24624 -0.092805
6.26626 -0.0916569
6.28628 -0.0904273
6.3063 -0.0891178
6.32632 -0.0877302
6.34634 -0.0862662
6.36636 -0.0847278
6.38638 -0.0831168
6.4064 -0.0814352
6.42642 -0.079685
6.44644 -0.0778683
6.46646 -0.0759871
6.48648 -0.0740436
6.5065 -0.0720401
6.52652 -0.0699786
6.54654 -0.0678615
6.56656 -0.0656911
6.58658 -0.0634697
6.6066 -0.0611997
6.62662 -0.0588834
6.64664 -0.0565234
6.66666 -0.0541221
6.68668 -0.0516819
6.7067 -0.0492054
6.72672 -0.046695
6.74674 -0.0441534
6.76676 -0.0415831
6.78678 -0.0389866
6.8068 -0.0363666
6.82682 -0.0337257
6.84684 -0.0310664
6.86686 -0.0283914
6.88688 -0.0257033
6.9069 -0.0230048
6.92692 -0.0202983
6.94694 -0.0175867
6.96696 -0.0148724
6.98698 -0.012158
7.007 -0.0094463
7.02702 -0.00673973
7.04704 -0.0040409
7.06706 -0.00135237
7.08708 0.00132331
7.1071 0.00398363
7.12712 0.00662607
7.14714 0.00924817
7.16716 0.0118475
7.18718 0.0144215
7.2072 0.016968
7.22722 0.0194845
7.24724 0.0219686
7.26726 0.0244182
7.28728 0.0268309
7.3073 0.0292046
7.32732 0.031537
7.34734 0.033826
7.36736 0.0360696
7.38738 0.0382657
7.4074 0.0404123
7.42742 0.0425075
7.44744 0.0445494
7.46746 0.0465362
7.48748 0.0484661
7.5075 0.0503374
7.52752 0.0521484
7.54754 0.0538975
7.56756 0.0555833
7.58758 0.0572042
7.6076 0.0587588
7.62762 0.0602458
7.64764 0.0616639
7.66766 0.063012
7.68768 0.0642888
7.7077 0.0654933
7.72772 0.0666246
7.74774 0.0676817
7.76776 0.0686637
7.78778 0.06957
7.8078 0.0703997
7.82782 0.0711524
7.84784 0.0718273
7.86786 0.0724241
7.88788 0.0729425
7.9079 0.0733819
7.92792 0.0737424
7.94794 0.0740236
7.96796 0.0742255
7.98798 0.0743481
8.008 0.0743915
8.02802 0.0743558
8.04805 0.0742413
8.06807 0.0740484
8.08809 0.0737773
8.10811 0.0734286
8.12813 0.0730028
8.14815 0.0725005
8.16817 0.0719225
8.18819 0.0712695
8.20821 0.0705424
8.22823 0.069742
8.24825 0.0688695
8.26827 0.0679258
8.28829 0.0669122
8.30831 0.0658297
8.32833 0.0646797
8.34835 0.0634636
8.36837 0.0621828
8.38839 0.0608387
8.40841 0.0594329
8.42843 0.057967
8.44845 0.0564426
8.46848 0.0548615
8.4885 0.0532255
8.50852 0.0515363
8.52854 0.0497959
8.54856 0.0480063
8.56858 0.0461694
8.5886 0.0442872
8.60862 0.0423619
8.62864 0.0403955
8.64866 0.0383902
8.66868 0.0363483
8.6887 0.0342719
8.70872 0.0321634
8.72874 0.0300251
8.74876 0.0278593
8.76878 0.0256683
8.7888 0.0234546
8.80882 0.0212205
8.82884 0.0189686
8.84886 0.0167012
8.86889 0.0144208
8.88891 0.0121299
8.90893 0.00983097
8.92895 0.00752653
8.94897 0.00521907
8.96899 0.00291108
8.98901 0.000605052
9.00903 -0.00169651
9.02905 -0.00399111
9.04907 -0.00627629
9.06909 -0.00854956
9.08911 -0.0108085
9.10913 -0.0130506
9.12915 -0.0152735
9.14917 -0.0174748
9.16919 -0.0196521
9.18921 -0.0218031
9.20923 -0.0239255
9.22925 -0.0260169
9.24927 -0.0280752
9.26929 -0.0300981
9.28932 -0.0320834
9.30934 -0.034029
9.32936 -0.0359329
9.34938 -0.0377929
9.3694 -0.0396072
9.38942 -0.0413737
9.40944 -0.0430906
9.42946 -0.044756
9.44948 -0.0463682
9.4695 -0.0479254
9.48952 -0.049426
9.50954 -0.0508684
9.52956 -0.0522511
9.54958 -0.0535725
9.5696 -0.0548314
9.58962 -0.0560264
9.60964 -0.0571562
9.62966 -0.0582196
9.64968 -0.0592155
9.6697 -0.060143
9.68972 -0.061001
9.70975 -0.0617886
9.72977 -0.0625052
9.74979 -0.0631498
9.76981 -0.0637219
9.78983 -0.064221
9.80985 -0.0646465
9.82987 -0.064998
9.84989 -0.0652752
9.86991 -0.065478
9.88993 -0.065606
9.90995 -0.0656593
9.92997 -0.0656379
9.94999 -0.0655419
9.97001 -0.0653714
9.99003 -0.0651267
10.0101 -0.0648082
10.0301 -0.0644163
10.0501 -0.0639514
10.0701 -0.0634143
10.0901 -0.0628055
10.1102 -0.0621258
10.1302 -0.061376
10.1502 -0.0605571
10.1702 -0.05967
10.1902 -0.0587159
10.2103 -0.0576958
10.2303 -0.0566109
10.2503 -0.0554626
10.2703 -0.0542521
10.2903 -0.052981
10.3104 -0.0516507
10.3304 -0.0502628
10.3504 -0.0488188
10.3704 -0.0473206
10.3904 -0.0457698
10.4105 -0.0441682
10.4305 -0.0425178
10.4505 -0.0408204
10.4705 -0.0390779
10.4905 -0.0372925
10.5106 -0.0354662
10.5306 -0.0336011
10.5506 -0.0316994
10.5706 -0.0297633
10.5906 -0.0277949
10.6107 -0.0257967
10.6307 -0.0237709
10.6507 -0.0217198
10.6707 -0.0196458
10.6907 -0.0175513
10.7108 -0.0154388
10.7308 -0.0133106
10.7508 -0.0111692
10.7708 -0.00901712
10.7909 -0.00685679
10.8109 -0.00469073
10.8309 -0.00252141
10.8509 -0.000351343
10.8709 0.00181697
10.891 0.00398105
10.911 0.00613838
10.931 0.0082865
10.951 0.0104229
10.971 0.0125452
10.9911 0.0146509
11.0111 0.0167376
11.0311 0.0188028
11.0511 0.0208443
11.0711 0.0228597
11.0912 0.0248466
11.1112 0.0268028
11.1312 0.028726
11.1512 0.030614
11.1712 0.0324647
11.1913 0.0342759
11.2113 0.0360455
11.2313 0.0377716
11.2513 0.0394522
11.2713 0.0410852
11.2914 0.0426689
11.3114 0.0442015
11.3314 0.0456811
11.3514 0.0471061
11.3714 0.0484749
11.3915 0.0497859
11.4115 0.0510377
11.4315 0.0522287
11.4515 0.0533576
11.4715 0.0544232
11.4916 0.0554242
11.5116 0.0563596
11.5316 0.0572281
11.5516 0.058029
11.5717 0.0587612
11.5917 0.059424
11.6117 0.0600165
11.6317 0.0605383
11.6517 0.0609885
11.6718 0.0613669
11.6918 0.061673
11.7118 0.0619064
11.7318 0.0620669
11.7518 0.0621544
11.7719 0.0621687
11.7919 0.06211
11.8119 0.0619782
11.8319 0.0617737
11.8519 0.0614966
11.872 0.0611473
11.892 0.0607263
11.912 0.060234
11.932 0.0596712
11.952 0.0590384
11.9721 0.0583365
11.9921 0.0575662
12.0121 0.0567286
12.0321 0.0558247
12.0521 0.0548555
12.0722 0.0538221
12.0922 0.0527259
12.1122 0.0515682
12.1322 0.0503503
12.1522 0.0490736
12.1723 0.0477398
12.1923 0.0463504
12.2123 0.044907
12.2323 0.0434114
12.2523 0.0418653
12.2724 0.0402706
12.2924 0.0386293
12.3124 0.0369431
12.3324 0.0352142
12.3524 0.0334445
12.3725 0.0316363
12.3925 0.0297915
12.4125 0.0279125
12.4325 0.0260014
12.4526 0.0240605
12.4726 0.0220921
12.4926 0.0200986
12.5126 0.0180823
12.5326 0.0160455
12.5527 0.0139907
12.5727 0.0119203
12.5927 0.00983685
12.6127 0.0077427
12.6327 0.00564035
12.6528 0.0035323
12.6728 0.00142105
12.6928 -0.000690929
12.7128 -0.00280112
12.7328 -0.00490705
12.7529 -0.0070062
12.7729 -0.00909612
12.7929 -0.0111743
12.8129 -0.0132384
12.8329 -0.0152858
12.853 -0.0173142
12.873 -0.0193212
12.893 -0.0213044
12.913 -0.0232615
12.933 -0.0251902
12.9531 -0.0270882
12.9731 -0.0289532
12.9931 -0.030783
13.0131 -0.0325756
13.0331 -0.0343287
13.0532 -0.0360403
13.0732 -0.0377085
13.0932 -0.0393311
13.1132 -0.0409064
13.1332 -0.0424325
13.1533 -0.0439075
13.1733 -0.0453297
13.1933 -0.0466975
13.2133 -0.0480093
13.2334 -0.0492634
13.2534 -0.0504585
13.2734 -0.0515931
13.2934 -0.0526659
13.3134 -0.0536757
13.3335 -0.0546212
13.3535 -0.0555013
13.3735 -0.0563151
13.3935 -0.0570616
13.4135 -0.0577398
13.4336 -0.058349
13.4536 -0.0588886
13.4736 -0.0593578
13.4936 -0.0597562
13.5136 -0.0600832
13.5337 -0.0603385
13.5537 -0.0605218
13.5737 -0.060633
13.5937 -0.0606719
13.6137 -0.0606384
13.6338 -0.0605326
13.6538 -0.0603547
13.6738 -0.0601049
13.6938 -0.0597835
13.7138 -0.0593909
13.7339 -0.0589276
13.7539 -0.0583941
13.7739 -0.0577912
13.7939 -0.0571194
13.8139 -0.0563797
13.834 -0.055573
13.854 -0.0547001
13.874 -0.0537622
13.894 -0.0527604
13.914 -0.051696
13.9341 -0.05057
13.9541 -0.0493841
13.9741 -0.0481395
13.9941 -0.0468377
14.0141 -0.0454803
14.0342 -0.044069
14.0542 -0.0426055
14.0742 -0.0410914
14.0942 -0.0395286
14.1143 -0.037919
14.1343 -0.0362645
14.1543 -0.0345671
14.1743 -0.0328288
14.1943 -0.0310516
14.2144 -0.0292379
14.2344 -0.0273896
14.2544 -0.025509
14.2744 -0.0235983
14.2944 -0.0216599
14.3145 -0.0196961
14.3345 -0.0177091
14.3545 -0.0157014
14.3745 -0.0136754
14.3945 -0.0116335
14.4146 -0.00957818
14.4346 -0.00751181
14.4546 -0.0054369
14.4746 -0.00335593
14.4946 -0.00127139
14.5147 0.000814231
14.5347 0.00289845
14.5547 0.00497877
14.5747 0.00705271
14.5947 0.00911779
14.6148 0.0111716
14.6348 0.0132115
14.6548 0.0152353
14.6748 0.0172405
14.6948 0.0192246
14.7149 0.0211853
14.7349 0.0231204
14.7549 0.0250274
14.7749 0.026904
14.7949 0.0287482
14.815 0.0305575
14.835 0.03233
14.855 0.0340634
14.875 0.0357558
14.8951 0.037405
14.9151 0.0390092
14.9351 0.0405664
14.9551 0.0420748
14.9751 0.0435325
14.9952 0.0449378
15.0152 0.0462891
15.0352 0.0475847
15.0552 0.0488231
15.0752 0.0500029
15.0953 0.0511225
15.1153 0.0521807
15.1353 0.0531763
15.1553 0.054108
15.1753 0.0549748
15.1954 0.0557755
15.2154 0.0565093
15.2354 0.0571753
15.2554 0.0577727
15.2754 0.0583008
15.2955 0.0587589
15.3155 0.0591466
15.3355 0.0594633
15.3555 0.0597088
15.3755 0.0598826
15.3956 0.0599847
15.4156 0.0600148
15.4356 0.059973
15.4556 0.0598593
15.4756 0.0596739
15.4957 0.059417
15.5157 0.0590889
15.5357 0.0586901
15.5557 0.0582209
15.5757 0.057682
15.5958 0.057074
15.6158 0.0563976
15.6358 0.0556537
15.6558 0.0548432
15.6758 0.0539671
15.6959 0.0530263
15.7159 0.0520221
15.7359 0.0509556
15.7559 0.0498281
15.776 0.048641
15.796 0.0473958
15.816 0.0460938
15.836 0.0447367
15.856 0.0433261
15.8761 0.0418637
15.8961 0.0403513
15.9161 0.0387906
15.9361 0.0371836
15.9561 0.0355322
15.9762 0.0338383
15.9962 0.032104
16.0162 0.0303314
16.0362 0.0285226
16.0562 0.0266798
16.0763 0.0248051
16.0963 0.0229009
16.1163 0.0209695
16.1363 0.019013
16.1563 0.017034
16.1764 0.0150347
16.1964 0.0130175
16.2164 0.010985
16.2364 0.00893946
16.2564 0.0068834
16.2765 0.00481927
16.2965 0.00274957
16.3165 0.000676757
16.3365 -0.00139667
16.3565 -0.00346823
16.3765 -0.00553544
16.3966 -0.00759581
16.4166 -0.00964688
16.4366 -0.0116862
16.4566 -0.0137113
16.4766 -0.0157198
16.4967 -0.0177092
16.5167 -0.0196772
16.5367 -0.0216214
16.5567 -0.0235395
16.5767 -0.0254292
16.5968 -0.0272881
16.6168 -0.0291142
16.6368 -0.0309052
16.6568 -0.032659
16.6768 -0.0343734
16.6969 -0.0360463
16.7169 -0.0376759
16.7369 -0.0392602
16.7569 -0.0407971
16.7769 -0.042285
16.797 -0.043722
16.817 -0.0451064
16.837 -0.0464366
16.857 -0.0477109
16.877 -0.0489278
16.8971 -0.0500859
16.9171 -0.0511837
16.9371 -0.05222
16.9571 -0.0531936
16.9771 -0.0541032
16.9972 -0.0549478
17.0172 -0.0557263
17.0372 -0.0564379
17.0572 -0.0570817
17.0772 -0.0576569
17.0973 -0.0581628
17.1173 -0.0585988
17.1373 -0.0589644
17.1573 -0.0592592
17.1773 -0.0594828
17.1973 -0.059635
17.2174 -0.0597155
17.2374 -0.0597244
17.2574 -0.0596615
17.2774 -0.0595269
17.2974 -0.0593209
17.3175 -0.0590436
17.3375 -0.0586954
17.3575 -0.0582768
17.3775 -0.0577882
17.3975 -0.0572302
17.4176 -0.0566036
17.4376 -0.0559089
17.4576 -0.0551472
17.4776 -0.0543192
17.4976 -0.0534261
17.5177 -0.0524688
17.5377 -0.0514486
17.5577 -0.0503666
17.5777 -0.0492242
17.5977 -0.0480227
17.6178 -0.0467636
17.6378 -0.0454484
17.6578 -0.0440787
17.6778 -0.0426561
17.6978 -0.0411823
17.7179 -0.0396591
17.7379 -0.0380884
17.7579 -0.036472
17.7779 -0.0348118
17.7979 -0.0331099
17.818 -0.0313683
17.838 -0.0295892
17.858 -0.0277745
17.878 -0.0259266
17.898 -0.0240476
17.9181 -0.0221398
17.9381 -0.0202055
17.9581 -0.018247
17.9781 -0.0162667
17.9981 -0.0142669
18.0182 -0.0122501
18.0382 -0.0102186
18.0582 -0.00817495
18.0782 -0.00612156
18.0982 -0.00406091
18.1182 -0.00199546
18.1383 7.22955e-05
18.1583 0.00213988
18.1783 0.00420481
18.1983 0.00626461
18.2183 0.0083168
18.2384 0.0103589
18.2584 0.0123885
18.2784 0.0144031
18.2984 0.0164004
18.3184 0.0183778
18.3385 0.0203331
18.3585 0.0222639
18.3785 0.0241679
18.3985 0.0260427
18.4185 0.0278862
18.4386 0.0296962
18.4586 0.0314703
18.4786 0.0332066
18.4986 0.034903
18.5186 0.0365573
18.5387 0.0381677
18.5587 0.0397321
18.5787 0.0412487
18.5987 0.0427157
18.6187 0.0441314
18.6388 0.0454939
18.6588 0.0468018
18.6788 0.0480534
18.6988 0.0492471
18.7188 0.0503817
18.7389 0.0514557
18.7589 0.0524678
18.7789 0.0534168
18.7989 0.0543016
18.8189 0.0551212
18.839 0.0558744
18.859 0.0565605
18.879 0.0571786
18.899 0.057728
18.919 0.058208
18.939 0.058618
18.9591 0.0589575
18.9791 0.0592262
18.9991 0.0594237
19.0191 0.0595498
19.0391 0.0596043
19.0592 0.0595872
19.0792 0.0594985
19.0992 0.0593383
19.1192 0.0591067
19.1392 0.0588042
19.1593 0.0584309
19.1793 0.0579875
19.1993 0.0574744
19.2193 0.0568922
19.2393 0.0562416
19.2594 0.0555235
19.2794 0.0547387
19.2994 0.053888
19.3194 0.0529727
19.3394 0.0519937
19.3595 0.0509522
19.3795 0.0498496
19.3995 0.048687
19.4195 0.0474659
19.4395 0.0461879
19.4596 0.0448543
19.4796 0.0434669
19.4996 0.0420272
19.5196 0.0405371
19.5396 0.0389983
19.5597 0.0374126
19.5797 0.035782
19.5997 0.0341084
19.6197 0.0323939
19.6397 0.0306405
19.6598 0.0288503
19.6798 0.0270254
19.6998 0.0251681
19.7198 0.0232806
19.7398 0.0213651
19.7598 0.019424
19.7799 0.0174596
19.7999 0.0154743
19.8199 0.0134703
19.8399 0.0114503
19.8599 0.00941646
19.88 0.00737138
19.9 0.00531748
19.92 0.00325722
19.94 0.00119309
19.96 -0.000872441
19.9801 -0.00293689
20.0001 -0.00499777
