0 1
0.02002 0.999423
0.04004 0.997707
0.0600601 0.994877
0.0800801 0.990959
0.1001 0.985978
0.12012 0.979961
0.14014 0.972935
0.16016 0.96493
0.18018 0.955972
0.2002 0.946092
0.22022 0.935319
0.24024 0.923683
0.26026 0.911215
0.28028 0.897944
0.3003 0.883903
0.32032 0.869123
0.34034 0.853634
0.36036 0.83747
0.38038 0.820661
0.4004 0.80324
0.42042 0.785238
0.44044 0.766689
0.46046 0.747623
0.48048 0.728072
0.5005 0.70807
0.52052 0.687646
0.54054 0.666834
0.56056 0.645663
0.58058 0.624167
0.6006 0.602374
0.62062 0.580317
0.64064 0.558025
0.66066 0.535528
0.68068 0.512856
0.7007 0.490038
0.72072 0.467103
0.74074 0.444079
0.76076 0.420995
0.78078 0.397876
0.800801 0.374751
0.820821 0.351645
0.840841 0.328585
0.860861 0.305595
0.880881 0.2827
0.900901 0.259924
0.920921 0.237291
0.940941 0.214822
0.960961 0.192542
0.980981 0.17047
1.001 0.148627
1.02102 0.127034
1.04104 0.10571
1.06106 0.0846734
1.08108 0.0639428
1.1011 0.0435351
1.12112 0.023467
1.14114 0.00375441
1.16116 -0.0155876
1.18118 -0.0345446
1.2012 -0.0531029
1.22122 -0.0712495
1.24124 -0.0889722
1.26126 -0.106259
1.28128 -0.1231
1.3013 -0.139485
1.32132 -0.155404
1.34134 -0.170848
1.36136 -0.18581
1.38138 -0.200282
1.4014 -0.214259
1.42142 -0.227733
1.44144 -0.2407
1.46146 -0.253155
1.48148 -0.265094
1.5015 -0.276514
1.52152 -0.287413
1.54154 -0.297789
1.56156 -0.307639
1.58158 -0.316964
1.6016 -0.325764
1.62162 -0.334038
1.64164 -0.341789
1.66166 -0.349016
1.68168 -0.355724
1.7017 -0.361913
1.72172 -0.367588
1.74174 -0.372753
1.76176 -0.37741
1.78178 -0.381566
1.8018 -0.385224
1.82182 -0.388391
1.84184 -0.391073
1.86186 -0.393276
1.88188 -0.395006
1.9019 -0.396271
1.92192 -0.397079
1.94194 -0.397437
1.96196 -0.397354
1.98198 -0.396838
2.002 -0.395897
2.02202 -0.394542
2.04204 -0.39278
2.06206 -0.390623
2.08208 -0.38808
2.1021 -0.385161
2.12212 -0.381875
2.14214 -0.378235
2.16216 -0.37425
2.18218 -0.369931
2.2022 -0.365289
2.22222 -0.360336
2.24224 -0.355082
2.26226 -0.349538
2.28228 -0.343717
2.3023 -0.337629
2.32232 -0.331286
2.34234 -0.3247
2.36236 -0.317882
2.38238 -0.310844
2.4024 -0.303598
2.42242 -0.296154
2.44244 -0.288525
2.46246 -0.280723
2.48248 -0.272758
2.5025 -0.264641
2.52252 -0.256386
2.54254 -0.248002
2.56256 -0.239502
2.58258 -0.230895
2.6026 -0.222194
2.62262 -0.213408
2.64264 -0.20455
2.66266 -0.195629
2.68268 -0.186655
2.7027 -0.177641
2.72272 -0.168594
2.74274 -0.159526
2.76276 -0.150447
2.78278 -0.141365
2.8028 -0.132291
2.82282 -0.123234
2.84284 -0.114202
2.86286 -0.105205
2.88288 -0.0962519
2.9029 -0.0873505
2.92292 -0.0785092
2.94294 -0.069736
2.96296 -0.0610389
2.98298 -0.0524253
3.003 -0.0439026
3.02302 -0.035478
3.04304 -0.0271583
3.06306 -0.0189501
3.08308 -0.0108599
3.1031 -0.00289384
3.12312 0.00494219
3.14314 0.0126425
3.16316 0.0202016
3.18318 0.0276144
3.2032 0.0348758
3.22322 0.0419813
3.24324 0.0489262
3.26326 0.0557065
3.28328 0.0623181
3.3033 0.0687574
3.32332 0.0750207
3.34334 0.0811049
3.36336 0.0870068
3.38338 0.0927239
3.4034 0.0982534
3.42342 0.103593
3.44344 0.108741
3.46346 0.113695
3.48348 0.118453
3.5035 0.123015
3.52352 0.127379
3.54354 0.131543
3.56356 0.135508
3.58358 0.139272
3.6036 0.142835
3.62362 0.146197
3.64364 0.149359
3.66366 0.152319
3.68368 0.155079
3.7037 0.15764
3.72372 0.160001
3.74374 0.162164
3.76376 0.16413
3.78378 0.165901
3.8038 0.167477
3.82382 0.16886
3.84384 0.170052
3.86386 0.171055
3.88388 0.171871
3.9039 0.172502
3.92392 0.172951
3.94394 0.173219
3.96396 0.17331
3.98398 0.173225
4.004 0.172969
4.02402 0.172543
4.04404 0.171951
4.06406 0.171196
4.08408 0.170281
4.1041 0.169209
4.12412 0.167984
4.14414 0.166609
4.16416 0.165088
4.18418 0.163424
4.2042 0.161622
4.22422 0.159684
4.24424 0.157615
4.26426 0.155418
4.28428 0.153098
4.3043 0.150658
4.32432 0.148103
4.34434 0.145436
4.36436 0.142661
4.38438 0.139784
4.4044 0.136807
4.42442 0.133735
4.44444 0.130573
4.46446 0.127323
4.48448 0.123992
4.5045 0.120582
4.52452 0.117099
4.54454 0.113546
4.56456 0.109927
4.58458 0.106247
4.6046 0.102511
4.62462 0.098721
4.64464 0.0948829
4.66466 0.0910005
4.68468 0.0870777
4.7047 0.0831189
4.72472 0.0791281
4.74474 0.0751093
4.76476 0.0710667
4.78478 0.0670042
4.8048 0.0629258
4.82482 0.0588355
4.84484 0.054737
4.86486 0.0506343
4.88488 0.0465312
4.9049 0.0424314
4.92492 0.0383386
4.94494 0.0342564
4.96496 0.0301885
4.98498 0.0261384
5.005 0.0221096
5.02502 0.0181054
5.04504 0.0141292
5.06506 0.0101843
5.08508 0.00627396
5.1051 0.0024013
5.12512 -0.0014306
5.14514 -0.00521871
5.16516 -0.00896009
5.18518 -0.0126519
5.2052 -0.0162912
5.22522 -0.0198755
5.24524 -0.023402
5.26526 -0.0268681
5.28528 -0.0302714
5.3053 -0.0336094
5.32532 -0.0368798
5.34534 -0.0400804
5.36536 -0.043209
5.38538 -0.0462634
5.4054 -0.0492418
5.42542 -0.052142
5.44544 -0.0549624
5.46546 -0.0577011
5.48548 -0.0603565
5.5055 -0.062927
5.52552 -0.0654111
5.54554 -0.0678073
5.56556 -0.0701143
5.58558 -0.072331
5.6056 -0.074456
5.62562 -0.0764883
5.64564 -0.078427
5.66566 -0.0802711
5.68568 -0.0820199
5.7057 -0.0836725
5.72572 -0.0852284
5.74574 -0.0866869
5.76576 -0.0880476
5.78578 -0.0893101
5.8058 -0.0904741
5.82582 -0.0915394
5.84584 -0.0925058
5.86586 -0.0933732
5.88588 -0.0941418
5.9059 -0.0948115
5.92592 -0.0953826
5.94594 -0.0958554
5.96596 -0.0962301
5.98598 -0.0965073
6.006 -0.0966874
6.02602 -0.096771
6.04604 -0.0967587
6.06606 -0.0966514
6.08608 -0.0964498
6.1061 -0.0961547
6.12612 -0.0957672
6.14614 -0.0952883
6.16616 -0.0947191
6.18618 -0.0940607
6.2062 -0.0933144
6.22622 -0.0924814
6.24624 -0.0915633
6.26626 -0.0905613
6.28628 -0.089477
6.3063 -0.0883119
6.32632 -0.0870676
6.34634 -0.0857459
6.36636 -0.0843485
6.38638 -0.0828771
6.4064 -0.0813336
6.42642 -0.0797199
6.44644 -0.078038
6.46646 -0.0762897
6.48648 -0.0744773
6.5065 -0.0726027
6.52652 -0.0706681
6.54654 -0.0686757
6.56656 -0.0666277
6.58658 -0.0645263
6.6066 -0.0623738
6.62662 -0.0601726
6.64664 -0.057925
6.66666 -0.0556334
6.68668 -0.0533002
6.7067 -0.0509279
6.72672 -0.0485189
6.74674 -0.0460756
6.76676 -0.0436008
6.78678 -0.0410967
6.8068 -0.0385661
6.82682 -0.0360114
6.84684 -0.0334353
6.86686 -0.0308402
6.88688 -0.0282289
6.9069 -0.0256038
6.92692 -0.0229676
6.94694 -0.0203229
6.96696 -0.0176723
6.98698 -0.0150183
7.007 -0.0123636
7.02702 -0.00971071
7.04704 -0.00706225
7.06706 -0.00442075
7.08708 -0.00178876
7.1071 0.00083119
7.12712 0.0034366
7.14714 0.00602498
7.16716 0.00859387
7.18718 0.0111408
7.2072 0.0136634
7.22722 0.0161593
7.24724 0.0186261
7.26726 0.0210615
7.28728 0.0234632
7.3073 0.0258291
7.32732 0.0281567
7.34734 0.0304441
7.36736 0.0326891
7.38738 0.0348896
7.4074 0.0370436
7.42742 0.0391491
7.44744 0.0412042
7.46746 0.043207
7.48748 0.0451557
7.5075 0.0470486
7.52752 0.0488838
7.54754 0.0506599
7.56756 0.0523751
7.58758 0.054028
7.6076 0.0556171
7.62762 0.057141
7.64764 0.0585983
7.66766 0.0599879
7.68768 0.0613085
7.7077 0.0625591
7.72772 0.0637384
7.74774 0.0648456
7.76776 0.0658798
7.78778 0.0668401
7.8078 0.0677258
7.82782 0.0685361
7.84784 0.0692705
7.86786 0.0699284
7.88788 0.0705094
7.9079 0.0710131
7.92792 0.0714392
7.94794 0.0717875
7.96796 0.0720578
7.98798 0.07225
8.008 0.0723642
8.02802 0.0724005
8.04805 0.072359
8.06807 0.07224
8.08809 0.0720438
8.10811 0.0717708
8.12813 0.0714214
8.14815 0.0709964
8.16817 0.0704961
8.18819 0.0699215
8.20821 0.0692732
8.22823 0.0685522
8.24825 0.0677593
8.26827 0.0668956
8.28829 0.0659621
8.30831 0.0649599
8.32833 0.0638904
8.34835 0.0627548
8.36837 0.0615544
8.38839 0.0602906
8.40841 0.058965
8.42843 0.057579
8.44845 0.0561343
8.46848 0.0546325
8.4885 0.0530754
8.50852 0.0514648
8.52854 0.0498023
8.54856 0.0480901
8.56858 0.0463299
8.5886 0.0445237
8.60862 0.0426737
8.62864 0.0407818
8.64866 0.0388502
8.66868 0.036881
8.6887 0.0348764
8.70872 0.0328387
8.72874 0.03077
8.74876 0.0286728
8.76878 0.0265493
8.7888 0.0244018
8.80882 0.0222328
8.82884 0.0200445
8.84886 0.0178395
8.86889 0.0156202
8.88891 0.0133889
8.90893 0.0111481
8.92895 0.00890035
8.94897 0.00664803
8.96899 0.00439361
8.98901 0.00213958
9.00903 -0.000111625
9.02905 -0.00235753
9.04907 -0.0045957
9.06909 -0.00682368
9.08911 -0.00903905
9.10913 -0.0112394
9.12915 -0.0134223
9.14917 -0.0155855
9.16919 -0.0177265
9.18921 -0.0198431
9.20923 -0.0219328
9.22925 -0.0239936
9.24927 -0.0260232
9.26929 -0.0280192
9.28932 -0.0299797
9.30934 -0.0319024
9.32936 -0.0337854
9.34938 -0.0356265
9.3694 -0.0374238
9.38942 -0.0391754
9.40944 -0.0408793
9.42946 -0.0425337
9.44948 -0.0441369
9.4695 -0.0456872
9.48952 -0.0471829
9.50954 -0.0486224
9.52956 -0.0500041
9.54958 -0.0513266
9.5696 -0.0525885
9.58962 -0.0537885
9.60964 -0.0549253
9.62966 -0.0559976
9.64968 -0.0570045
9.6697 -0.0579448
9.68972 -0.0588175
9.70975 -0.0596218
9.72977 -0.0603568
9.74979 -0.0610218
9.76981 -0.0616162
9.78983 -0.0621393
9.80985 -0.0625906
9.82987 -0.0629697
9.84989 -0.0632762
9.86991 -0.06351
9.88993 -0.0636708
9.90995 -0.0637585
9.92997 -0.063773
9.94999 -0.0637145
9.97001 -0.0635831
9.99003 -0.0633791
10.0101 -0.0631026
10.0301 -0.0627542
10.0501 -0.0623343
10.0701 -0.0618434
10.0901 -0.0612822
10.1102 -0.0606513
10.1302 -0.0599516
10.1502 -0.059184
10.1702 -0.0583493
10.1902 -0.0574486
10.2103 -0.056483
10.2303 -0.0554536
10.2503 -0.0543617
10.2703 -0.0532085
10.2903 -0.0519955
10.3104 -0.0507241
10.3304 -0.0493959
10.3504 -0.0480122
10.3704 -0.0465749
10.3904 -0.0450856
10.4105 -0.043546
10.4305 -0.041958
10.4505 -0.0403235
10.4705 -0.0386442
10.4905 -0.0369223
10.5106 -0.0351596
10.5306 -0.0333584
10.5506 -0.0315206
10.5706 -0.0296484
10.5906 -0.0277441
10.6107 -0.0258097
10.6307 -0.0238477
10.6507 -0.0218602
10.6707 -0.0198495
10.6907 -0.017818
10.7108 -0.0157681
10.7308 -0.0137022
10.7508 -0.0116225
10.7708 -0.00953165
10.7909 -0.00743193
10.8109 -0.0053258
10.8309 -0.00321572
10.8509 -0.00110412
10.8709 0.00100656
10.891 0.00311386
10.911 0.00521536
10.931 0.00730863
10.951 0.00939124
10.971 0.0114608
10.9911 0.0135149
11.0111 0.0155512
11.0311 0.0175673
11.0511 0.0195609
11.0711 0.0215297
11.0912 0.0234714
11.1112 0.0253838
11.1312 0.0272647
11.1512 0.0291119
11.1712 0.0309234
11.1913 0.0326969
11.2113 0.0344305
11.2313 0.0361222
11.2513 0.03777
11.2713 0.0393721
11.2914 0.0409265
11.3114 0.0424316
11.3314 0.0438856
11.3514 0.0452868
11.3714 0.0466336
11.3915 0.0479245
11.4115 0.049158
11.4315 0.0503328
11.4515 0.0514473
11.4715 0.0525005
11.4916 0.0534911
11.5116 0.054418
11.5316 0.0552801
11.5516 0.0560765
11.5717 0.0568062
11.5917 0.0574685
11.6117 0.0580626
11.6317 0.0585878
11.6517 0.0590436
11.6718 0.0594294
11.6918 0.059745
11.7118 0.0599898
11.7318 0.0601638
11.7518 0.0602666
11.7719 0.0602982
11.7919 0.0602587
11.8119 0.0601481
11.8319 0.0599665
11.8519 0.0597143
11.872 0.0593917
11.892 0.0589992
11.912 0.0585372
11.932 0.0580064
11.952 0.0574074
11.9721 0.0567409
11.9921 0.0560077
12.0121 0.0552088
12.0321 0.054345
12.0521 0.0534176
12.0722 0.0524275
12.0922 0.051376
12.1122 0.0502643
12.1322 0.0490938
12.1522 0.0478659
12.1723 0.046582
12.1923 0.0452437
12.2123 0.0438526
12.2323 0.0424104
12.2523 0.0409188
12.2724 0.0393795
12.2924 0.0377944
12.3124 0.0361654
12.3324 0.0344944
12.3524 0.0327834
12.3725 0.0310345
12.3925 0.0292498
12.4125 0.0274313
12.4325 0.0255812
12.4526 0.0237018
12.4726 0.0217952
12.4926 0.0198637
12.5126 0.0179096
12.5326 0.0159353
12.5527 0.0139431
12.5727 0.0119353
12.5927 0.0099143
12.6127 0.00788255
12.6327 0.00584244
12.6528 0.00379637
12.6728 0.00174678
12.6928 -0.000303904
12.7128 -0.00235325
12.7328 -0.00439884
12.7529 -0.00643824
12.7729 -0.00846903
12.7929 -0.0104888
12.8129 -0.0124952
12.8329 -0.0144858
12.853 -0.0164583
12.873 -0.0184104
12.893 -0.0203396
12.913 -0.0222439
12.933 -0.0241208
12.9531 -0.0259682
12.9731 -0.0277838
12.9931 -0.0295657
13.0131 -0.0313116
13.0331 -0.0330194
13.0532 -0.0346872
13.0732 -0.0363131
13.0932 -0.037895
13.1132 -0.0394311
13.1332 -0.0409196
13.1533 -0.0423587
13.1733 -0.0437468
13.1933 -0.0450822
13.2133 -0.0463634
13.2334 -0.0475888
13.2534 -0.048757
13.2734 -0.0498666
13.2934 -0.0509163
13.3134 -0.0519049
13.3335 -0.0528312
13.3535 -0.0536942
13.3735 -0.0544928
13.3935 -0.055226
13.4135 -0.0558932
13.4336 -0.0564933
13.4536 -0.0570259
13.4736 -0.0574902
13.4936 -0.0578857
13.5136 -0.058212
13.5337 -0.0584687
13.5537 -0.0586554
13.5737 -0.0587721
13.5937 -0.0588185
13.6137 -0.0587947
13.6338 -0.0587006
13.6538 -0.0585365
13.6738 -0.0583025
13.6938 -0.0579989
13.7138 -0.0576261
13.7339 -0.0571845
13.7539 -0.0566748
13.7739 -0.0560975
13.7939 -0.0554533
13.8139 -0.054743
13.834 -0.0539674
13.854 -0.0531276
13.874 -0.0522246
13.894 -0.0512593
13.914 -0.050233
13.9341 -0.049147
13.9541 -0.0480024
13.9741 -0.0468008
13.9941 -0.0455435
14.0141 -0.0442321
14.0342 -0.0428682
14.0542 -0.0414533
14.0742 -0.0399892
14.0942 -0.0384776
14.1143 -0.0369204
14.1343 -0.0353194
14.1543 -0.0336765
14.1743 -0.0319938
14.1943 -0.0302732
14.2144 -0.0285168
14.2344 -0.0267267
14.2544 -0.024905
14.2744 -0.0230539
14.2944 -0.0211757
14.3145 -0.0192726
14.3345 -0.0173469
14.3545 -0.0154008
14.3745 -0.0134367
14.3945 -0.011457
14.4146 -0.009464
14.4346 -0.00746011
14.4546 -0.00544774
14.4746 -0.00342927
14.4946 -0.00140714
14.5147 0.000616248
14.5347 0.00263847
14.5547 0.00465711
14.5747 0.00666975
14.5947 0.00867398
14.6148 0.0106674
14.6348 0.0126477
14.6548 0.0146124
14.6748 0.0165592
14.6948 0.0184858
14.7149 0.0203898
14.7349 0.0222691
14.7549 0.0241213
14.7749 0.0259442
14.7949 0.0277358
14.815 0.0294937
14.835 0.031216
14.855 0.0329005
14.875 0.0345453
14.8951 0.0361484
14.9151 0.0377079
14.9351 0.0392219
14.9551 0.0406887
14.9751 0.0421063
14.9952 0.0434733
15.0152 0.0447879
15.0352 0.0460486
15.0552 0.0472539
15.0752 0.0484024
15.0953 0.0494925
15.1153 0.0505232
15.1353 0.0514931
15.1553 0.0524012
15.1753 0.0532462
15.1954 0.0540273
15.2154 0.0547434
15.2354 0.0553938
15.2554 0.0559776
15.2754 0.0564942
15.2955 0.056943
15.3155 0.0573234
15.3355 0.0576349
15.3555 0.0578773
15.3755 0.0580503
15.3956 0.0581536
15.4156 0.0581871
15.4356 0.0581507
15.4556 0.0580447
15.4756 0.057869
15.4957 0.0576239
15.5157 0.0573097
15.5357 0.0569267
15.5557 0.0564756
15.5757 0.0559567
15.5958 0.0553707
15.6158 0.0547184
15.6358 0.0540005
15.6558 0.0532179
15.6758 0.0523715
15.6959 0.0514624
15.7159 0.0504916
15.7359 0.0494603
15.7559 0.0483698
15.776 0.0472214
15.796 0.0460165
15.816 0.0447564
15.836 0.0434428
15.856 0.0420772
15.8761 0.0406613
15.8961 0.0391967
15.9161 0.0376852
15.9361 0.0361286
15.9561 0.0345289
15.9762 0.0328879
15.9962 0.0312075
16.0162 0.0294899
16.0362 0.0277371
16.0562 0.0259511
16.0763 0.0241342
16.0963 0.0222885
16.1163 0.0204163
16.1363 0.0185197
16.1563 0.016601
16.1764 0.0146626
16.1964 0.0127069
16.2164 0.010736
16.2364 0.00875244
16.2564 0.00675856
16.2765 0.00475676
16.2965 0.00274944
16.3165 0.000739
16.3365 -0.00127214
16.3565 -0.00328157
16.3765 -0.00528687
16.3966 -0.00728564
16.4166 -0.00927549
16.4366 -0.011254
16.4566 -0.0132189
16.4766 -0.0151677
16.4967 -0.0170981
16.5167 -0.0190078
16.5367 -0.0208945
16.5567 -0.022756
16.5767 -0.02459
16.5968 -0.0263943
16.6168 -0.0281667
16.6368 -0.0299052
16.6568 -0.0316076
16.6768 -0.0332719
16.6969 -0.0348962
16.7169 -0.0364784
16.7369 -0.0380166
16.7569 -0.0395091
16.7769 -0.040954
16.797 -0.0423496
16.817 -0.0436942
16.837 -0.0449862
16.857 -0.0462241
16.877 -0.0474064
16.8971 -0.0485317
16.9171 -0.0495986
16.9371 -0.0506058
16.9571 -0.0515521
16.9771 -0.0524365
16.9972 -0.0532578
17.0172 -0.0540151
17.0372 -0.0547074
17.0572 -0.055334
17.0772 -0.055894
17.0973 -0.0563869
17.1173 -0.0568119
17.1373 -0.0571687
17.1573 -0.0574568
17.1773 -0.0576759
17.1973 -0.0578256
17.2174 -0.0579059
17.2374 -0.0579165
17.2574 -0.0578576
17.2774 -0.0577292
17.2974 -0.0575314
17.3175 -0.0572645
17.3375 -0.0569289
17.3575 -0.0565248
17.3775 -0.0560528
17.3975 -0.0555136
17.4176 -0.0549076
17.4376 -0.0542357
17.4576 -0.0534987
17.4776 -0.0526974
17.4976 -0.0518329
17.5177 -0.0509061
17.5377 -0.0499182
17.5577 -0.0488704
17.5777 -0.0477639
17.5977 -0.0466
17.6178 -0.0453802
17.6378 -0.044106
17.6578 -0.0427788
17.6778 -0.0414003
17.6978 -0.0399721
17.7179 -0.0384959
17.7379 -0.0369735
17.7579 -0.0354068
17.7779 -0.0337976
17.7979 -0.0321479
17.818 -0.0304596
17.838 -0.0287347
17.858 -0.0269755
17.878 -0.0251838
17.898 -0.023362
17.9181 -0.0215122
17.9381 -0.0196367
17.9581 -0.0177376
17.9781 -0.0158173
17.9981 -0.013878
18.0182 -0.0119222
18.0382 -0.00995206
18.0582 -0.00797008
18.0782 -0.00597861
18.0982 -0.00398003
18.1182 -0.00197675
18.1383 2.88314e-05
18.1583 0.0020343
18.1783 0.00403724
18.1983 0.00603525
18.2183 0.00802594
18.2384 0.0100069
18.2584 0.0119758
18.2784 0.0139302
18.2984 0.0158677
18.3184 0.0177862
18.3385 0.0196832
18.3585 0.0215564
18.3785 0.0234037
18.3985 0.0252228
18.4185 0.0270116
18.4386 0.0287678
18.4586 0.0304893
18.4786 0.0321742
18.4986 0.0338203
18.5186 0.0354257
18.5387 0.0369885
18.5587 0.0385068
18.5787 0.0399788
18.5987 0.0414026
18.6187 0.0427767
18.6388 0.0440993
18.6588 0.0453688
18.6788 0.0465838
18.6988 0.0477427
18.7188 0.0488443
18.7389 0.049887
18.7589 0.0508698
18.7789 0.0517914
18.7989 0.0526508
18.8189 0.0534468
18.839 0.0541786
18.859 0.0548452
18.879 0.0554458
18.899 0.0559799
18.919 0.0564466
18.939 0.0568454
18.9591 0.0571759
18.9791 0.0574377
18.9991 0.0576304
19.0191 0.0577538
19.0391 0.0578079
19.0592 0.0577924
19.0792 0.0577075
19.0992 0.0575532
19.1192 0.0573297
19.1392 0.0570373
19.1593 0.0566763
19.1793 0.0562473
19.1993 0.0557506
19.2193 0.055187
19.2393 0.054557
19.2594 0.0538614
19.2794 0.0531011
19.2994 0.052277
19.3194 0.0513901
19.3394 0.0504414
19.3595 0.0494321
19.3795 0.0483634
19.3995 0.0472366
19.4195 0.0460531
19.4395 0.0448142
19.4596 0.0435214
19.4796 0.0421764
19.4996 0.0407807
19.5196 0.039336
19.5396 0.037844
19.5597 0.0363066
19.5797 0.0347255
19.5997 0.0331028
19.6197 0.0314403
19.6397 0.02974
19.6598 0.028004
19.6798 0.0262344
19.6998 0.0244333
19.7198 0.0226028
19.7398 0.0207452
19.7598 0.0188627
19.7799 0.0169575
19.7999 0.015032
19.8199 0.0130885
19.8399 0.0111293
19.8599 0.00915669
19.88 0.00717313
19.9 0.00518098
19.92 0.00318264
19.94 0.0011805
19.96 -0.000823017
19.9801 -0.00282552
20.0001 -0.00482459
