0 25 35 5 
0.0020202 21.5015 31.5015 8.4985 
0.0040404 18.7555 28.7555 11.2445 
0.00606061 16.586 26.586 13.414 
0.00808081 14.8082 24.8082 15.1918 
0.010101 13.323 23.323 16.677 
0.0121212 12.0797 22.0797 17.9203 
0.0141414 11.0189 21.0189 18.9811 
0.0161616 10.1127 20.1127 19.8873 
0.0181818 9.3135 19.3135 20.6865 
0.020202 8.6187 18.6187 21.3813 
0.0222222 8.0034 18.0034 21.9966 
0.0242424 7.4654 17.4654 22.5346 
0.0262626 6.9693 16.9693 23.0307 
0.0282828 6.5217 16.5217 23.4783 
0.030303 6.1209 16.1209 23.8791 
0.0323232 5.7596 15.7596 24.2404 
0.0343434 5.4287 15.4287 24.5713 
0.0363636 5.1307 15.1307 24.8693 
0.0383838 4.8486 14.8486 25.1514 
0.040404 4.5961 14.5961 25.4039 
0.0424242 4.3668 14.3668 25.6332 
0.0444444 4.1566 14.1566 25.8434 
0.0464646 3.9584 13.9584 26.0416 
0.0484848 3.7907 13.7907 26.2093 
0.0505051 3.6191 13.6191 26.3809 
0.0525253 3.4639 13.4639 26.5361 
0.0545455 3.3191 13.3191 26.6809 
0.0565657 3.1814 13.1814 26.8186 
0.0585859 3.0504 13.0504 26.9496 
0.0606061 2.9331 12.9331 27.0669 
0.0626263 2.8267 12.8267 27.1733 
0.0646465 2.7292 12.7292 27.2708 
0.0666667 2.6374 12.6374 27.3626 
0.0686869 2.5529 12.5529 27.4471 
0.0707071 2.4708 12.4708 27.5292 
0.0727273 2.3914 12.3914 27.6086 
0.0747475 2.3214 12.3214 27.6786 
0.0767677 2.2482 12.2482 27.7518 
0.0787879 2.1924 12.1924 27.8076 
0.0808081 2.1282 12.1282 27.8718 
0.0828283 2.0777 12.0777 27.9223 
0.0848485 2.0257 12.0257 27.9743 
0.0868687 1.9841 11.9841 28.0159 
0.0888889 1.9377 11.9377 28.0623 
0.0909091 1.8957 11.8957 28.1043 
0.0929293 1.8524 11.8524 28.1476 
0.0949495 1.8116 11.8116 28.1884 
0.0969697 1.7702 11.7702 28.2298 
0.0989899 1.7438 11.7438 28.2562 
0.10101 1.7186 11.7186 28.2814 
0.10303 1.6912 11.6912 28.3088 
0.105051 1.6575 11.6575 28.3425 
0.107071 1.6357 11.6357 28.3643 
0.109091 1.614 11.614 28.386 
0.111111 1.5901 11.5901 28.4099 
0.113131 1.573 11.573 28.427 
0.115152 1.5545 11.5545 28.4455 
0.117172 1.5309 11.5309 28.4691 
0.119192 1.5151 11.5151 28.4849 
0.121212 1.5012 11.5012 28.4988 
0.123232 1.4833 11.4833 28.5167 
0.125253 1.4682 11.4682 28.5318 
0.127273 1.4504 11.4504 28.5496 
0.129293 1.4373 11.4373 28.5627 
0.131313 1.4225 11.4225 28.5775 
0.133333 1.4145 11.4145 28.5855 
0.135354 1.4031 11.4031 28.5969 
0.137374 1.3919 11.3919 28.6081 
0.139394 1.3785 11.3785 28.6215 
0.141414 1.3656 11.3656 28.6344 
0.143434 1.3561 11.3561 28.6439 
0.145455 1.3461 11.3461 28.6539 
0.147475 1.3393 11.3393 28.6607 
0.149495 1.3304 11.3304 28.6696 
0.151515 1.3236 11.3236 28.6764 
0.153535 1.3176 11.3176 28.6824 
0.155556 1.3093 11.3093 28.6907 
0.157576 1.3094 11.3094 28.6906 
0.159596 1.3004 11.3004 28.6996 
0.161616 1.2923 11.2923 28.7077 
0.163636 1.2881 11.2881 28.7119 
0.165657 1.2797 11.2797 28.7203 
0.167677 1.2792 11.2792 28.7208 
0.169697 1.2785 11.2785 28.7215 
0.171717 1.2743 11.2743 28.7257 
0.173737 1.265 11.265 28.735 
0.175758 1.2563 11.2563 28.7437 
0.177778 1.2555 11.2555 28.7445 
0.179798 1.2496 11.2496 28.7504 
0.181818 1.2506 11.2506 28.7494 
0.183838 1.249 11.249 28.751 
0.185859 1.2492 11.2492 28.7508 
0.187879 1.2546 11.2546 28.7454 
0.189899 1.2496 11.2496 28.7504 
0.191919 1.2445 11.2445 28.7555 
0.193939 1.2447 11.2447 28.7553 
0.19596 1.2438 11.2438 28.7562 
0.19798 1.2412 11.2412 28.7588 
0.2 1.2396 11.2396 28.7604 
