2
1 1
0.555555555555556 0.888888888888889 0.555555555555556
0.347854845137454 0.652145154862546 0.652145154862546 0.347854845137454
0.236926885056189 0.478628670499366 0.568888888888889 0.478628670499366 0.236926885056189
0.171324492379170 0.360761573048139 0.467913934572691 0.467913934572691 0.360761573048139 0.171324492379170
0.129484966168870 0.279705391489277 0.381830050505119 0.417959183673469 0.381830050505119 0.279705391489277 0.129484966168870
0.101228536290376 0.222381034453374 0.313706645877887 0.362683783378362 0.362683783378362 0.313706645877887 0.222381034453374 0.101228536290376
0.081274388361574 0.180648160694857 0.260610696402935 0.312347077040003 0.330239355001260 0.312347077040003 0.260610696402935 0.180648160694857 0.081274388361574
0.066671344308688 0.149451349150581 0.219086362515982 0.269266719309996 0.295524224714753 0.295524224714753 0.269266719309996 0.219086362515982 0.149451349150581 0.066671344308688
