0
-0.577350269189626 0.577350269189626
-0.774596669241483 0 0.774596669241483
-0.861136311594053 -0.339981043584856 0.339981043584856 0.861136311594053
-0.906179845938664 -0.538469310105683 0 0.538469310105683 0.906179845938664
-0.932469514203152 -0.661209386466264 -0.238619186083197 0.238619186083197 0.661209386466264 0.932469514203152
-0.949107912342758 -0.741531185599394 -0.405845151377397 0 0.405845151377397 0.741531185599394 0.949107912342758
-0.960289856497536 -0.796666477413627 -0.525532409916329 -0.183434642495650 0.183434642495650 0.525532409916329 0.796666477413627 0.960289856497536
-0.968160239507626 -0.836031107326636 -0.613371432700590 -0.324253423403809 0 0.324253423403809 0.613371432700590 0.836031107326636 0.968160239507626
-0.973906528517172 -0.865063366688985 -0.679409568299024 -0.433395394129247 -0.148874338981631 0.148874338981631 0.433395394129247 0.679409568299024 0.865063366688985 0.973906528517172
